%YAML:1.0
---
camera_name: "142"
image_width: 720
image_height: 960
camera_matrix:
   rows: 3
   cols: 3
   data: [ 7.2904046630859375e+02, 0., 3.4174160766601562e+02, 0.,
       7.2904046630859375e+02, 4.8109039306640625e+02, 0., 0., 1. ]
distortion_coefficients:
   rows: 1
   cols: 5
   data: [ 0., 0., 0., 0., 0. ]
distortion_model: plumb_bob
local_transform:
   rows: 3
   cols: 4
   data: [ -1.19209290e-07, 0., 1.00000012e+00, 0., 0., -1.00000024e+00,
       0., 0., 1.00000012e+00, 0., -1.19209290e-07, 0. ]
