%YAML:1.0
---
camera_name: "393"
image_width: 720
image_height: 960
camera_matrix:
   rows: 3
   cols: 3
   data: [ 7.2845477294921875e+02, 0., 3.4196237182617188e+02, 0.,
       7.2845477294921875e+02, 4.8111962890625000e+02, 0., 0., 1. ]
distortion_coefficients:
   rows: 1
   cols: 5
   data: [ 0., 0., 0., 0., 0. ]
distortion_model: plumb_bob
local_transform:
   rows: 3
   cols: 4
   data: [ -1.19209290e-07, 0., 1.00000012e+00, 0., 0., -1.00000024e+00,
       0., 0., 1.00000012e+00, 0., -1.19209290e-07, 0. ]
