%YAML:1.0
---
camera_name: "76"
image_width: 720
image_height: 960
camera_matrix:
   rows: 3
   cols: 3
   data: [ 7.2933331298828125e+02, 0., 3.4217135620117188e+02, 0.,
       7.2933331298828125e+02, 4.7995712280273438e+02, 0., 0., 1. ]
distortion_coefficients:
   rows: 1
   cols: 5
   data: [ 0., 0., 0., 0., 0. ]
distortion_model: plumb_bob
local_transform:
   rows: 3
   cols: 4
   data: [ -1.19209290e-07, 0., 1.00000012e+00, 0., 0., -1.00000024e+00,
       0., 0., 1.00000012e+00, 0., -1.19209290e-07, 0. ]
