%YAML:1.0
---
camera_name: "245"
image_width: 960
image_height: 720
camera_matrix:
   rows: 3
   cols: 3
   data: [ 7.2730187988281250e+02, 0., 4.7819964599609375e+02, 0.,
       7.2730187988281250e+02, 3.4701458740234375e+02, 0., 0., 1. ]
distortion_coefficients:
   rows: 1
   cols: 5
   data: [ 0., 0., 0., 0., 0. ]
distortion_model: plumb_bob
local_transform:
   rows: 3
   cols: 4
   data: [ 0., 0., 1., 0., 1., 0., 0., 0., 0., 1., 0., 0. ]
